16
0 1 9999 9999 9999 9999 9999 9999 9999 9999 9999 9999 9999 9999 9999 9999
1 0 1 9999 9999 9999 9999 9999 9999 9999 9999 9999 9999 9999 9999 9999
9999 1 0 1 9999 9999 9999 9999 9999 9999 9999 9999 9999 9999 9999 9999
9999 9999 1 0 1 9999 9999 9999 9999 9999 9999 9999 9999 9999 9999 9999
9999 9999 9999 1 0 1 9999 9999 9999 9999 9999 9999 9999 9999 9999 9999
9999 9999 9999 9999 1 0 1 9999 9999 9999 9999 9999 9999 9999 9999 9999
9999 9999 9999 9999 9999 1 0 1 9999 9999 9999 9999 9999 9999 9999 9999
9999 9999 9999 9999 9999 9999 1 0 1 9999 9999 9999 9999 9999 9999 9999
9999 9999 9999 9999 9999 9999 9999 1 0 1 9999 9999 9999 9999 9999 9999
9999 9999 9999 9999 9999 9999 9999 9999 1 0 1 9999 9999 9999 9999 9999
9999 9999 9999 9999 9999 9999 9999 9999 9999 1 0 1 9999 9999 9999 9999
9999 9999 9999 9999 9999 9999 9999 9999 9999 9999 1 0 1 9999 9999 9999
9999 9999 9999 9999 9999 9999 9999 9999 9999 9999 9999 1 0 1 9999 9999
9999 9999 9999 9999 9999 9999 9999 9999 9999 9999 9999 9999 1 0 1 9999
9999 9999 9999 9999 9999 9999 9999 9999 9999 9999 9999 9999 9999 1 0 1
9999 9999 9999 9999 9999 9999 9999 9999 9999 9999 9999 9999 9999 9999 1 0
