16
0 9999 9999 9999 9999 1 9999 9999 9999 9999 9999 9999 9999 9999 9999 2
9999 0 9999 3 9999 9999 9999 9999 9999 9999 9999 9999 9999 4 9999 9999
9999 9999 0 9999 9999 9999 5 9999 9999 9999 9999 9999 9999 9999 9999 9999
9999 3 9999 0 9999 9999 9999 9999 6 9999 9999 9999 9999 9999 9999 9999
9999 9999 9999 9999 0 9999 9999 9999 9999 9999 7 9999 9999 9999 9999 9999
1 9999 9999 9999 9999 0 9999 9999 9999 9999 9999 9999 8 9999 9999 9999
9999 9999 5 9999 9999 9999 0 9999 9999 9999 9999 9999 9999 9999 9999 9
9999 9999 9999 9999 9999 9999 9999 0 9999 9999 9999 10 9999 9999 9999 9999
9999 9999 9999 6 9999 9999 9999 9999 0 9999 9999 9999 9999 9999 11 9999
9999 9999 9999 9999 9999 9999 9999 9999 9999 0 9999 9999 9999 12 9999 9999
9999 9999 9999 9999 7 9999 9999 9999 9999 9999 0 9999 9999 9999 9999 13
9999 9999 9999 9999 9999 9999 9999 10 9999 9999 9999 0 9999 9999 9999 9999
9999 9999 9999 9999 9999 8 9999 9999 9999 9999 9999 9999 0 9999 9999 9999
9999 4 9999 9999 9999 9999 9999 9999 9999 12 9999 9999 9999 0 9999 9999
9999 9999 9999 9999 9999 9999 9999 9999 11 9999 9999 9999 9999 9999 0 14
2 9999 9999 9999 9999 9999 9 9999 9999 9999 13 9999 9999 9999 14 0